/root/oilpainting1024/1/41819992_157832568486665_4225037036767681414_n.jpg,229,557,301,485
/root/oilpainting1024/1/12407721_1657865764471493_1270280247_n.jpg,314,922,438,798
/root/oilpainting1024/1/43748106_367109020699278_4736271165287096785_n.jpg,280,652,538,394
/root/oilpainting1024/1/36136081_1771483782965674_2222117698429517824_n.jpg,213,453,285,381
/root/oilpainting1024/1/36136081_1771483782965674_2222117698429517824_n.jpg,197,269,269,197
/root/oilpainting1024/1/39803300_309024136315200_5991818255134621696_n.jpg,225,879,760,344
/root/oilpainting1024/1/33933228_245312722887406_6257453302263316480_n.jpg,281,615,496,400
/root/oilpainting1024/1/32744655_2054969547879091_5662367462935494656_n.jpg,509,461,581,389
/root/oilpainting1024/1/12224426_1730673043833310_1165765095_n.jpg,257,687,472,472
/root/oilpainting1024/1/37875100_856677014528319_2372521637749719040_n.jpg,162,632,286,507
/root/oilpainting1024/1/37875100_856677014528319_2372521637749719040_n.jpg,162,964,286,839
/root/oilpainting1024/1/41228778_976787615864554_5542036616158268855_n.jpg,381,419,467,333
/root/oilpainting1024/1/41228778_976787615864554_5542036616158268855_n.jpg,273,618,377,515
/root/oilpainting1024/1/28151028_1802865710015193_7865077307960983552_n.jpg,134,851,313,672
/root/oilpainting1024/1/28151028_1802865710015193_7865077307960983552_n.jpg,214,373,393,194
/root/oilpainting1024/1/28151028_1802865710015193_7865077307960983552_n.jpg,676,808,825,659
/root/oilpainting1024/1/28151028_1802865710015193_7865077307960983552_n.jpg,672,333,851,154
/root/oilpainting1024/1/30957266_213699192560194_7700731844668424192_n.jpg,393,552,572,373
/root/oilpainting1024/1/24125646_149047675734595_6845573052529377280_n.jpg,197,816,569,445
/root/oilpainting1024/1/38695470_768090846915916_1730541593137512448_n.jpg,197,610,569,238
/root/oilpainting1024/1/41669007_693932484316890_6896542091016562681_n.jpg,65,964,189,839
/root/oilpainting1024/1/41669007_693932484316890_6896542091016562681_n.jpg,225,701,760,166
/root/oilpainting1024/1/30086770_2063755833871506_108545200938287104_n.jpg,47,820,582,285
/root/oilpainting1024/1/32697388_243234692924985_8640855195980398592_n.jpg,194,443,344,294
/root/oilpainting1024/1/32697388_243234692924985_8640855195980398592_n.jpg,77,805,149,733
/root/oilpainting1024/1/41303076_302652533849627_2255919880811520949_n.jpg,95,852,405,542
/root/oilpainting1024/1/36648990_199526097565304_9191655537324851200_n.jpg,652,214,831,35
/root/oilpainting1024/1/36648990_199526097565304_9191655537324851200_n.jpg,659,991,784,867
/root/oilpainting1024/1/36147962_257751914977749_6788642612480835584_n.jpg,304,697,390,611
/root/oilpainting1024/1/43818270_297654194408043_1049912559373967832_n.jpg,238,610,610,238
/root/oilpainting1024/1/43034819_257516788295658_3508544415856058306_n.jpg,192,515,296,411
/root/oilpainting1024/1/38097262_237863730180167_3379855914369548288_n.jpg,95,609,244,460
/root/oilpainting1024/1/40386041_725668811098863_6563764286977169542_n.jpg,344,760,879,225
/root/oilpainting1024/1/40733758_253025972220466_4374288070680087843_n.jpg,319,319,423,215
/root/oilpainting1024/1/39925119_241594309877745_7345890825018015744_n.jpg,54,526,158,423
/root/oilpainting1024/1/31297689_778796809174757_5980788577255030784_n.jpg,405,680,714,370
/root/oilpainting1024/1/34518469_2017595851592122_8793740471051485184_n.jpg,336,577,646,267
/root/oilpainting1024/1/43915104_547225795727513_4698435231001083904_n.jpg,353,612,532,433
/root/oilpainting1024/1/30905131_1679451065469731_4181525475861987328_n.jpg,928,841,1014,755
/root/oilpainting1024/1/36148597_2001725309899861_7837065015860396032_n.jpg,198,582,285,496
/root/oilpainting1024/1/32526434_1742505875836195_4015245357435846656_n.jpg,154,838,924,68
/root/oilpainting1024/1/27893143_123142961847520_5463763171531554816_n.jpg,239,924,1010,154
/root/oilpainting1024/1/28152355_175519606507010_1729674263146790912_n.jpg,56,841,698,199
/root/oilpainting1024/1/26871402_176119819678061_238442337867399168_n.jpg,286,683,732,237
/root/oilpainting1024/1/39887320_392609961271286_4629046490730003455_n.jpg,238,775,610,404
/root/oilpainting1024/1/25039148_225261748017864_3313338617690062848_n.jpg,607,699,711,595
/root/oilpainting1024/1/44394933_601029647024189_5842936083665476455_n.jpg,403,760,938,225
/root/oilpainting1024/1/29739364_159147831425036_4032176771351707648_n.jpg,333,711,512,532
/root/oilpainting1024/1/36730122_253285478794258_3646712901168791552_n.jpg,170,342,256,256
/root/oilpainting1024/1/37226910_1866121470360061_1865485956589551616_n.jpg,535,176,659,51
/root/oilpainting1024/1/26180393_2039477926297167_450831043340009472_n.jpg,286,732,732,286
/root/oilpainting1024/1/42910784_1059751840868670_8674112500681099860_n.jpg,286,604,411,480
/root/oilpainting1024/1/34982889_182728045749595_6562289963306582016_n.jpg,405,1024,477,957
/root/oilpainting1024/1/43984815_2189930834596610_4713466176001671655_n.jpg,156,651,527,280
/root/oilpainting1024/1/36029545_268911477021154_793820779341938688_n.jpg,321,651,692,280
/root/oilpainting1024/1/24126368_656697108052581_6138937867323310080_n.jpg,222,681,480,423
/root/oilpainting1024/1/36896008_1964681040248751_6568067304205058048_n.jpg,56,841,698,199
/root/oilpainting1024/1/31326639_143997089786959_9174308675517415424_n.jpg,286,683,732,237
/root/oilpainting1024/1/43119104_919262171604971_5814433554912893600_n.jpg,228,576,377,427
/root/oilpainting1024/1/31557039_501882256881024_1136868746510467072_n.jpg,328,577,452,452
/root/oilpainting1024/1/38941993_1143413062487839_4263129777176576000_n.jpg,321,734,692,362
/root/oilpainting1024/1/24845341_134633103876671_6251908718527512576_n.jpg,549,141,621,69
/root/oilpainting1024/1/38917455_1944744492231163_2845436659896418304_n.jpg,237,831,683,385
/root/oilpainting1024/1/26867588_204171250161447_3279372641923760128_n.jpg,233,577,542,267
/root/oilpainting1024/1/43913581_1887275314653213_3729680649876660154_n.jpg,311,808,460,659
/root/oilpainting1024/1/43913581_1887275314653213_3729680649876660154_n.jpg,330,261,434,158
/root/oilpainting1024/1/43241402_525620791199233_4584039655976921454_n.jpg,199,770,841,128
/root/oilpainting1024/1/42003665_330898074332314_2522849820923428142_n.jpg,286,632,411,507
/root/oilpainting1024/1/38097588_517483338704580_4832036802992799744_n.jpg,293,301,365,229
/root/oilpainting1024/1/38097588_517483338704580_4832036802992799744_n.jpg,269,541,341,469
/root/oilpainting1024/1/38097588_517483338704580_4832036802992799744_n.jpg,613,269,685,197
/root/oilpainting1024/1/38097588_517483338704580_4832036802992799744_n.jpg,304,803,390,717
/root/oilpainting1024/1/38097588_517483338704580_4832036802992799744_n.jpg,592,544,678,458
/root/oilpainting1024/1/38097588_517483338704580_4832036802992799744_n.jpg,611,803,697,717
/root/oilpainting1024/1/36596719_276705359552344_4116377745468948480_n.jpg,187,732,633,286
/root/oilpainting1024/1/14368978_291884321190456_964080354_n.jpg,90,687,305,472
/root/oilpainting1024/1/42440405_266229290689375_565997984485045772_n.jpg,88,584,534,138
/root/oilpainting1024/1/28429911_1800101926959759_6844183265536901120_n.jpg,0,683,435,237
/root/oilpainting1024/1/26864564_318199508687790_2074313846410969088_n.jpg,435,683,881,237
/root/oilpainting1024/1/38627304_233133917376700_6653978392565645312_n.jpg,238,775,610,404
/root/oilpainting1024/1/23970316_136580023669136_8624998988472385536_n.jpg,405,611,714,302
/root/oilpainting1024/1/42797430_247056459322090_7350072495116980410_n.jpg,45,749,117,677
/root/oilpainting1024/1/42797430_247056459322090_7350072495116980410_n.jpg,474,508,783,198
/root/oilpainting1024/1/42797430_247056459322090_7350072495116980410_n.jpg,93,869,165,797
/root/oilpainting1024/1/13774282_595449227325170_1766561377_n.jpg,0,593,145,443
/root/oilpainting1024/1/41994181_2090405770972294_2950109947324249031_n.jpg,273,552,453,373
/root/oilpainting1024/1/15047974_921716307960437_8659461479637975040_n.jpg,336,680,646,370
/root/oilpainting1024/1/43913221_1244123742397289_6568001983256083832_n.jpg,429,885,501,813
/root/oilpainting1024/1/43913221_1244123742397289_6568001983256083832_n.jpg,275,304,362,218
/root/oilpainting1024/1/43913221_1244123742397289_6568001983256083832_n.jpg,493,676,642,526
/root/oilpainting1024/1/36161029_1672357776146664_4796166550396600320_n.jpg,305,352,520,137
/root/oilpainting1024/1/25023069_138903733463861_106415644483780608_n.jpg,185,735,400,520
/root/oilpainting1024/1/28155367_1993287557558494_992719417739575296_n.jpg,362,651,734,280
/root/oilpainting1024/1/34015224_198947860746860_6915402786901327872_n.jpg,362,775,734,404
/root/oilpainting1024/1/42760736_185050102374498_3599309654710914035_n.jpg,280,692,651,321
/root/oilpainting1024/1/27579932_186626775442591_1925036227904405504_n.jpg,344,760,879,225
/root/oilpainting1024/1/42674818_525194304574814_4831494850558306456_n.jpg,237,782,683,336
/root/oilpainting1024/1/26157987_391742957917540_1047834555500724224_n.jpg,164,646,474,336
/root/oilpainting1024/1/38232942_655238324852537_7188701790852874240_n.jpg,47,938,582,403
/root/oilpainting1024/1/27581176_360491847753879_2902799723410751488_n.jpg,88,633,534,187
/root/oilpainting1024/1/29737168_163982680966975_8848927197327523840_n.jpg,205,613,277,541
/root/oilpainting1024/1/29737168_163982680966975_8848927197327523840_n.jpg,933,565,1005,493
/root/oilpainting1024/1/29737168_163982680966975_8848927197327523840_n.jpg,205,485,277,413
/root/oilpainting1024/1/29737168_163982680966975_8848927197327523840_n.jpg,581,189,653,117
/root/oilpainting1024/1/29737168_163982680966975_8848927197327523840_n.jpg,581,909,653,837
/root/oilpainting1024/1/29737168_163982680966975_8848927197327523840_n.jpg,557,957,629,885
/root/oilpainting1024/1/27578596_169974810393978_3688618398859657216_n.jpg,95,410,244,261
/root/oilpainting1024/1/26065517_923970534434968_7078519314021613568_n.jpg,237,732,683,286
/root/oilpainting1024/1/43603587_338014440306858_6991274149473142927_n.jpg,867,383,991,259
/root/oilpainting1024/1/27577188_214655952445640_2158715580184526848_n.jpg,404,692,775,321
/root/oilpainting1024/1/34983187_460637424377195_2558030986185015296_n.jpg,336,732,782,286
/root/oilpainting1024/1/37922582_145222959681238_2976369158821773312_n.jpg,285,820,820,285
/root/oilpainting1024/1/27580508_364764303991454_6657590863788507136_n.jpg,238,651,610,280
/root/oilpainting1024/1/38419905_1934709806827763_6685323270050283520_n.jpg,114,891,293,711
/root/oilpainting1024/1/40226221_1946544788758951_5759496908488956201_n.jpg,154,924,924,154
/root/oilpainting1024/1/41731035_2208485999396895_4437356269021045900_n.jpg,403,879,938,344
/root/oilpainting1024/1/33640387_657173894621711_3256465691548581888_n.jpg,273,711,453,532
/root/oilpainting1024/1/23164330_178904606020988_7423311239775780864_n.jpg,121,966,208,880
/root/oilpainting1024/1/43984960_172932516992322_30408214625580448_n.jpg,0,538,251,280
/root/oilpainting1024/1/43180282_731623660537892_860652704497729317_n.jpg,362,651,734,280
/root/oilpainting1024/1/37112016_266058197513955_285054561368932352_n.jpg,342,582,429,496
/root/oilpainting1024/1/37112016_266058197513955_285054561368932352_n.jpg,273,457,377,353
/root/oilpainting1024/1/34479899_239151770029908_4897216951798988800_n.jpg,311,593,460,443
/root/oilpainting1024/1/37386351_2092521064342741_1894565578127966208_n.jpg,469,949,541,877
/root/oilpainting1024/1/29402823_1425074320931025_335440987381825536_n.jpg,251,710,509,452
/root/oilpainting1024/1/29402823_1425074320931025_335440987381825536_n.jpg,0,824,251,566
/root/oilpainting1024/1/43913279_547390455683992_9032857921056159875_n.jpg,659,189,784,65
/root/oilpainting1024/1/41451423_145648183049158_3889908359083589632_n.jpg,259,563,383,438
/root/oilpainting1024/1/43778616_462003137655752_2750854094449271314_n.jpg,157,565,229,493
/root/oilpainting1024/1/36761922_823171814539870_3420794361519013888_n.jpg,62,593,211,443
/root/oilpainting1024/1/27892783_2041289499489348_9156594439387348992_n.jpg,95,443,244,294
/root/oilpainting1024/1/41384812_156592901910594_397326314234553472_n.jpg,336,611,646,302
/root/oilpainting1024/1/39038035_320054378733828_956926981360844800_n.jpg,251,509,509,251
/root/oilpainting1024/1/38928306_296528644465172_2133556503578148864_n.jpg,336,732,782,286
/root/oilpainting1024/1/43165695_180907516124545_1717681695265942121_n.jpg,317,493,389,421
/root/oilpainting1024/1/29416174_1614311688688174_3593572872838184960_n.jpg,73,569,445,197
/root/oilpainting1024/1/44436323_120176305543704_2361499094895447442_n.jpg,166,701,701,166
/root/oilpainting1024/1/43817599_168044500802010_4714663694816264082_n.jpg,225,641,760,106
/root/oilpainting1024/1/26872674_574145659585899_4191240472842207232_n.jpg,93,342,217,217
/root/oilpainting1024/1/29718279_322301414963735_7915873078716923904_n.jpg,120,535,245,411
/root/oilpainting1024/1/29718279_322301414963735_7915873078716923904_n.jpg,342,400,446,296
/root/oilpainting1024/1/29417463_168995013819841_559639452759097344_n.jpg,349,933,421,861
/root/oilpainting1024/1/33397283_253207525227066_7764900563036143616_n.jpg,321,858,692,486
/root/oilpainting1024/1/40705521_413108055893332_5979139732246487041_n.jpg,95,508,405,198
/root/oilpainting1024/1/28753377_1714488241943107_5001567979733778432_n.jpg,257,615,472,400
/root/oilpainting1024/1/38685274_1762423660541543_1665880216251138048_n.jpg,251,624,509,366
/root/oilpainting1024/1/43985225_353573992057764_6529395297092145017_n.jpg,577,405,886,95
/root/oilpainting1024/1/43985225_353573992057764_6529395297092145017_n.jpg,95,405,405,95
/root/oilpainting1024/1/43985225_353573992057764_6529395297092145017_n.jpg,577,921,886,611
/root/oilpainting1024/1/43985225_353573992057764_6529395297092145017_n.jpg,61,921,370,611
/root/oilpainting1024/1/40440344_268703423852404_7903177266912949158_n.jpg,280,652,538,394
/root/oilpainting1024/1/42003219_2240000149618608_6036632741932936445_n.jpg,366,624,624,366
/root/oilpainting1024/1/24838590_171139373629864_5838325057507557376_n.jpg,404,527,775,156
/root/oilpainting1024/1/24838590_171139373629864_5838325057507557376_n.jpg,108,738,366,480
/root/oilpainting1024/1/24838590_171139373629864_5838325057507557376_n.jpg,663,400,878,185
/root/oilpainting1024/1/25011894_514036838965222_8289105560645664768_n.jpg,604,646,729,521
/root/oilpainting1024/1/42522873_1864617020294979_1036898956981434895_n.jpg,199,770,841,128
/root/oilpainting1024/1/27576888_428495440919460_2226697117114564608_n.jpg,632,798,756,673
/root/oilpainting1024/1/40310740_1788352151220725_6473674260974728740_n.jpg,593,742,742,593
/root/oilpainting1024/1/40310740_1788352151220725_6473674260974728740_n.jpg,294,261,443,112
/root/oilpainting1024/1/40310740_1788352151220725_6473674260974728740_n.jpg,494,908,618,784
/root/oilpainting1024/1/40310740_1788352151220725_6473674260974728740_n.jpg,307,722,411,618
/root/oilpainting1024/1/40310740_1788352151220725_6473674260974728740_n.jpg,512,413,691,234
/root/oilpainting1024/1/37812774_207417103274558_5808751201197490176_n.jpg,154,924,924,154
/root/oilpainting1024/1/31725716_216957072243231_6823142504221638656_n.jpg,134,612,313,433
/root/oilpainting1024/1/32280131_2040217829565869_6995882107432075264_n.jpg,336,633,782,187
/root/oilpainting1024/1/26185615_1694645287262906_7027297705848209408_n.jpg,336,732,782,286
/root/oilpainting1024/1/26067328_586205051718232_45792782396162048_n.jpg,405,541,477,469
/root/oilpainting1024/1/30829640_178205799662961_6088331642064076800_n.jpg,174,771,353,592
/root/oilpainting1024/1/27575474_393246334473963_4309244548975951872_n.jpg,294,227,381,141
/root/oilpainting1024/1/31421783_1681520108599859_3566008782049771520_n.jpg,50,509,308,251
/root/oilpainting1024/1/28428108_248156459061336_6796149004133466112_n.jpg,692,576,841,427
/root/oilpainting1024/1/37953290_239532700014258_6268698394227638272_n.jpg,270,912,912,270
/root/oilpainting1024/1/33200167_618862978447910_6280533056352681984_n.jpg,280,734,651,362
/root/oilpainting1024/1/37002718_428160041013472_838032021635727360_n.jpg,54,227,141,141
/root/oilpainting1024/1/37002718_428160041013472_838032021635727360_n.jpg,93,867,217,742
/root/oilpainting1024/1/36085533_207410543241492_982604348850700288_n.jpg,73,940,445,569
/root/oilpainting1024/1/30829827_1553365491453434_6464544251475656704_n.jpg,429,688,515,601
/root/oilpainting1024/1/30829827_1553365491453434_6464544251475656704_n.jpg,699,653,803,549
/root/oilpainting1024/1/30829827_1553365491453434_6464544251475656704_n.jpg,328,646,452,521
/root/oilpainting1024/1/33914032_819954694866889_8324868529253777408_n.jpg,701,421,773,349
/root/oilpainting1024/1/26295319_202591043625342_7690835531348836352_n.jpg,154,572,333,393
/root/oilpainting1024/1/43137259_134570510860220_4338584647341918263_n.jpg,176,867,300,742
/root/oilpainting1024/1/31694859_177829339537132_6417489822436294656_n.jpg,330,929,434,826
/root/oilpainting1024/1/35618155_362033474324923_6503398393946046464_n.jpg,344,559,493,410
/root/oilpainting1024/1/38420522_225079368165669_2934703539349356544_n.jpg,254,532,433,353
/root/oilpainting1024/1/38420522_225079368165669_2934703539349356544_n.jpg,161,806,376,591
/root/oilpainting1024/1/38420522_225079368165669_2934703539349356544_n.jpg,663,854,878,639
/root/oilpainting1024/1/38420522_225079368165669_2934703539349356544_n.jpg,725,559,875,410
/root/oilpainting1024/1/44000187_1146280588861694_6653928546767969412_n.jpg,0,179,74,93
/root/oilpainting1024/1/43042496_562897084165583_1583161758350778163_n.jpg,538,895,641,791
/root/oilpainting1024/1/29717585_347002405793141_4015000514235203584_n.jpg,293,653,365,581
/root/oilpainting1024/1/29717585_347002405793141_4015000514235203584_n.jpg,261,453,333,381
/root/oilpainting1024/1/43985269_474625533031804_8843512009865360125_n.jpg,198,680,508,370
/root/oilpainting1024/1/29414352_2024869391105877_8996528795041136640_n.jpg,156,692,527,321
/root/oilpainting1024/1/39486059_232247320778075_2320210997668741120_n.jpg,187,732,633,286
/root/oilpainting1024/1/37520509_303261443811950_6894359603224510464_n.jpg,285,701,820,166
/root/oilpainting1024/1/43913481_127263178254035_3646344742233871248_n.jpg,393,254,572,74
/root/oilpainting1024/1/30604982_1029770963830344_4927289999272968192_n.jpg,246,553,333,467
/root/oilpainting1024/1/30604982_1029770963830344_4927289999272968192_n.jpg,613,517,685,445
/root/oilpainting1024/1/30933766_252885331942497_944724704395001856_n.jpg,581,781,653,709
/root/oilpainting1024/1/39386889_2838780592814120_6899902619297251328_n.jpg,269,245,341,173
/root/oilpainting1024/1/33705399_1906474576310353_5150240518952714240_n.jpg,237,633,683,187
/root/oilpainting1024/1/26866989_580438828957409_8724484093338714112_n.jpg,496,902,711,687
/root/oilpainting1024/1/26866989_580438828957409_8724484093338714112_n.jpg,494,286,618,162
/root/oilpainting1024/1/25026397_1559406617508289_7797093516173115392_n.jpg,197,692,569,321
/root/oilpainting1024/1/37752859_491901354605712_230245422847754240_n.jpg,156,775,527,404
/root/oilpainting1024/1/43914064_2142616129387689_1378034799696734065_n.jpg,164,680,474,370
/root/oilpainting1024/1/27582263_200227983893588_1820643487247237120_n.jpg,294,941,443,792
/root/oilpainting1024/1/30077570_168760297116477_9108611562972643328_n.jpg,214,731,393,552
/root/oilpainting1024/1/30077570_168760297116477_9108611562972643328_n.jpg,145,360,294,211
/root/oilpainting1024/1/30077570_168760297116477_9108611562972643328_n.jpg,630,553,717,467
/root/oilpainting1024/1/41209978_335715886974488_6862586389681315640_n.jpg,400,878,615,663
/root/oilpainting1024/1/41209978_335715886974488_6862586389681315640_n.jpg,337,509,595,251
/root/oilpainting1024/1/36484125_607711999627973_3077522806942990336_n.jpg,194,413,373,234
/root/oilpainting1024/1/36484125_607711999627973_3077522806942990336_n.jpg,214,711,393,532
/root/oilpainting1024/1/40837324_737205473289753_7353277581097763298_n.jpg,204,584,307,480
/root/oilpainting1024/1/25011367_378080995970439_1161570765582106624_n.jpg,688,515,774,429
/root/oilpainting1024/1/43818071_2120117511541464_5753757755584913590_n.jpg,0,924,753,154
/root/oilpainting1024/1/30602461_205486603569062_471432906242260992_n.jpg,238,365,342,261
/root/oilpainting1024/1/29093494_138277003673744_3691112877210468352_n.jpg,411,469,515,365
/root/oilpainting1024/1/26869718_571458469853827_5480465367337795584_n.jpg,176,673,300,549
/root/oilpainting1024/1/29716036_2013157892340186_817410827085676544_n.jpg,128,410,277,261
/root/oilpainting1024/1/26872706_592609691083808_6017130249756606464_n.jpg,285,701,820,166
/root/oilpainting1024/1/26158570_2005733919665782_3267168595431391232_n.jpg,496,947,582,861
/root/oilpainting1024/1/43984744_1216405628498333_7367635427983708343_n.jpg,68,924,838,154
/root/oilpainting1024/1/28763789_214808939101481_82133351091142656_n.jpg,508,749,818,439
/root/oilpainting1024/1/42004143_488885251587497_7434158162146586643_n.jpg,273,330,377,227
/root/oilpainting1024/1/38475519_456398288197964_3387621541658230784_n.jpg,164,749,474,439
/root/oilpainting1024/1/30604089_2012875792364616_675172518243336192_n.jpg,280,624,538,366
/root/oilpainting1024/1/40268694_505226556609457_4840174042450721228_n.jpg,138,782,584,336
/root/oilpainting1024/1/25006860_157387395018915_7819341060219338752_n.jpg,135,411,238,307
/root/oilpainting1024/1/25006860_157387395018915_7819341060219338752_n.jpg,141,496,227,410
/root/oilpainting1024/1/29714895_836808049851158_8083822212844355584_n.jpg,373,532,552,353
/root/oilpainting1024/1/29714895_836808049851158_8083822212844355584_n.jpg,373,751,552,572
/root/oilpainting1024/1/26868176_2070166523213679_2877316286579212288_n.jpg,95,626,244,476
/root/oilpainting1024/1/42614306_1983633835268044_4985558689384908472_n.jpg,233,680,542,370
/root/oilpainting1024/1/44236605_646077749127513_6082130905663242203_n.jpg,286,452,411,328
/root/oilpainting1024/1/43046160_1197207523750941_8695789068115879816_n.jpg,793,697,880,611
/root/oilpainting1024/1/29092574_357242604760234_7915061888243728384_n.jpg,79,452,203,328
/root/oilpainting1024/1/24845626_344245029315769_4901633191791558656_n.jpg,270,912,912,270
/root/oilpainting1024/1/37991743_280996335832364_383986066425643008_n.jpg,336,831,782,385
/root/oilpainting1024/1/43201373_321753775318640_4799910926999803555_n.jpg,197,692,569,321
/root/oilpainting1024/1/36147963_249095595879331_5870265853114580992_n.jpg,344,626,493,476
/root/oilpainting1024/1/41263120_171459757035088_428406173545102176_n.jpg,174,672,353,492
/root/oilpainting1024/1/30079371_184644082178767_3891315476269105152_n.jpg,439,714,749,405
/root/oilpainting1024/1/29737365_609580692717743_3045779743040339968_n.jpg,285,709,357,637
/root/oilpainting1024/1/29737365_609580692717743_3045779743040339968_n.jpg,237,837,309,765
/root/oilpainting1024/1/29737365_609580692717743_3045779743040339968_n.jpg,325,157,397,85
/root/oilpainting1024/1/29737365_609580692717743_3045779743040339968_n.jpg,266,995,352,909
/root/oilpainting1024/1/29737365_609580692717743_3045779743040339968_n.jpg,309,485,381,413
/root/oilpainting1024/1/29737365_609580692717743_3045779743040339968_n.jpg,309,597,381,525
/root/oilpainting1024/1/29737365_609580692717743_3045779743040339968_n.jpg,301,373,373,301
/root/oilpainting1024/1/29737365_609580692717743_3045779743040339968_n.jpg,341,277,413,205
/root/oilpainting1024/1/39337312_2018617978202589_684228379477540864_n.jpg,285,736,371,649
/root/oilpainting1024/1/39337312_2018617978202589_684228379477540864_n.jpg,410,83,496,0
/root/oilpainting1024/1/40021417_334145367155506_3514893384122630144_n.jpg,158,584,261,480
/root/oilpainting1024/1/26159073_2019177815036691_6182295381787803648_n.jpg,254,672,433,492
/root/oilpainting1024/1/42068804_844390469283893_1951265767419863985_n.jpg,294,227,381,141
/root/oilpainting1024/1/41345951_2128953940704851_53279786566418432_n.jpg,113,687,328,472
/root/oilpainting1024/1/34564662_485657575200691_8186768417106165760_n.jpg,784,333,870,246
/root/oilpainting1024/1/37617057_209970993030492_5064470941174595584_n.jpg,176,867,300,742
/root/oilpainting1024/1/26868290_1826132657685587_7768420327389921280_n.jpg,237,782,683,336
/root/oilpainting1024/1/36616542_2214978602065664_613710879107579904_n.jpg,270,841,912,199
/root/oilpainting1024/1/32163337_162907731224102_6056757628074196992_n.jpg,352,711,567,496
/root/oilpainting1024/1/27877886_187970841801032_5421585866835361792_n.jpg,266,640,352,553
/root/oilpainting1024/1/27877886_187970841801032_5421585866835361792_n.jpg,261,493,333,421
/root/oilpainting1024/1/27877886_187970841801032_5421585866835361792_n.jpg,237,352,323,266
/root/oilpainting1024/1/28158015_342640709583177_7654553631907119104_n.jpg,285,701,820,166
/root/oilpainting1024/1/42778006_654375344958178_2434349693913192880_n.jpg,445,692,816,321
/root/oilpainting1024/1/40238628_2135046086759866_207866234302361880_n.jpg,280,775,651,404
/root/oilpainting1024/1/30899837_170925450280496_7388483577605783552_n.jpg,79,423,337,165
/root/oilpainting1024/1/41208921_1006520156223257_2330436487221182725_n.jpg,141,437,213,365